{"valid":true,"id":1281019,"timestamp":12895880129,"hands":[{"id":123,"palmPosition":[65.0886,122.001,68.9112],"direction":[0.626528,0.234033,-0.743432],"palmVelocity":[179.501,124.708,258.116],"palmNormal":[0.775705,-0.0944786,0.623984],"sphereCenter":[141.162,95.4956,112.639],"sphereRadius":89.3348,"valid":true,"pointables":[{"valid":true,"id":1230,"handId":123,"length":46.424,"tool":false,"width":16.9385,"direction":[0.889338,0.344271,-0.300925],"stabilizedTipPosition":[103.514,160.247,57.0101],"tipPosition":[110.13,170.955,90.2177],"tipVelocity":[105.925,34.2725,621.223],"touchZone":"hovering","touchDistance":0.333333,"timeVisible":8.3604,"dipPosition":[98.6795,162.346,94.2713],"pipPosition":[71.6689,151.89,103.411],"mcpPosition":[35.6357,127.577,115.772],"carpPosition":[35.6357,127.577,115.772],"extended":false,"type":0,"finger":true,"positions":[{"$ref":"$[\"hands\"][0][\"pointables\"][0][\"carpPosition\"]"},{"$ref":"$[\"hands\"][0][\"pointables\"][0][\"mcpPosition\"]"},{"$ref":"$[\"hands\"][0][\"pointables\"][0][\"pipPosition\"]"},{"$ref":"$[\"hands\"][0][\"pointables\"][0][\"dipPosition\"]"},{"$ref":"$[\"hands\"][0][\"pointables\"][0][\"tipPosition\"]"}],"metacarpal":{"finger":{"$ref":"$[\"hands\"][0][\"pointables\"][0]"},"_center":null,"_matrix":null,"type":0,"prevJoint":{"$ref":"$[\"hands\"][0][\"pointables\"][0][\"carpPosition\"]"},"nextJoint":{"$ref":"$[\"hands\"][0][\"pointables\"][0][\"mcpPosition\"]"},"width":16.9385,"length":0,"basis":[[-0.541056,-0.259199,-0.800046],[-0.652416,0.729658,0.204822],[-0.53067,-0.632784,0.563892]]},"proximal":{"finger":{"$ref":"$[\"hands\"][0][\"pointables\"][0]"},"_center":null,"_matrix":null,"type":1,"prevJoint":{"$ref":"$[\"hands\"][0][\"pointables\"][0][\"mcpPosition\"]"},"nextJoint":{"$ref":"$[\"hands\"][0][\"pointables\"][0][\"pipPosition\"]"},"width":16.9385,"length":45.191899630796655,"basis":[[-0.315127,-0.0153954,-0.948924],[-0.514726,0.842808,0.157261],[-0.79734,-0.537994,0.273516]]},"medial":{"finger":{"$ref":"$[\"hands\"][0][\"pointables\"][0]"},"_center":null,"_matrix":null,"type":2,"prevJoint":{"$ref":"$[\"hands\"][0][\"pointables\"][0][\"pipPosition\"]"},"nextJoint":{"$ref":"$[\"hands\"][0][\"pointables\"][0][\"dipPosition\"]"},"width":16.9385,"length":30.371607867381684,"basis":[[-0.315127,-0.0153954,-0.948924],[-0.33132,0.938744,0.0947976],[-0.889338,-0.344271,0.300925]]},"distal":{"finger":{"$ref":"$[\"hands\"][0][\"pointables\"][0]"},"_center":null,"_matrix":null,"type":3,"prevJoint":{"$ref":"$[\"hands\"][0][\"pointables\"][0][\"dipPosition\"]"},"nextJoint":[118.462,161.886,87.7092],"width":16.9385,"length":20.847543324334406,"basis":[[-0.315127,-0.0153954,-0.948924],[0.0160724,0.999638,-0.0215557],[-0.948913,0.0220443,0.314766]]},"bones":[{"$ref":"$[\"hands\"][0][\"pointables\"][0][\"metacarpal\"]"},{"$ref":"$[\"hands\"][0][\"pointables\"][0][\"proximal\"]"},{"$ref":"$[\"hands\"][0][\"pointables\"][0][\"medial\"]"},{"$ref":"$[\"hands\"][0][\"pointables\"][0][\"distal\"]"}],"frame":{"$ref":"$"}},{"valid":true,"id":1231,"handId":123,"length":52.3843,"tool":false,"width":16.1796,"direction":[0.981543,0.183932,0.0523658],"stabilizedTipPosition":[132.81,158.835,28.3453],"tipPosition":[140.557,166.28,39.1547],"tipVelocity":[272.815,240.761,832.988],"touchZone":"none","touchDistance":0.333333,"timeVisible":8.3604,"dipPosition":[131.091,165.669,44.6939],"pipPosition":[109.958,161.709,43.5664],"mcpPosition":[76.0349,149.415,56.3202],"carpPosition":[28.5268,124.451,95.7659],"extended":true,"type":1,"finger":true,"positions":[{"$ref":"$[\"hands\"][0][\"pointables\"][1][\"carpPosition\"]"},{"$ref":"$[\"hands\"][0][\"pointables\"][1][\"mcpPosition\"]"},{"$ref":"$[\"hands\"][0][\"pointables\"][1][\"pipPosition\"]"},{"$ref":"$[\"hands\"][0][\"pointables\"][1][\"dipPosition\"]"},{"$ref":"$[\"hands\"][0][\"pointables\"][1][\"tipPosition\"]"}],"metacarpal":{"finger":{"$ref":"$[\"hands\"][0][\"pointables\"][1]"},"_center":null,"_matrix":null,"type":0,"prevJoint":{"$ref":"$[\"hands\"][0][\"pointables\"][1][\"carpPosition\"]"},"nextJoint":{"$ref":"$[\"hands\"][0][\"pointables\"][1][\"mcpPosition\"]"},"width":16.1796,"length":66.60468534645291,"basis":[[0.179913,-0.914596,-0.36214],[-0.677391,0.151757,-0.7198],[-0.713283,-0.374812,0.592235]]},"proximal":{"finger":{"$ref":"$[\"hands\"][0][\"pointables\"][1]"},"_center":null,"_matrix":null,"type":1,"prevJoint":{"$ref":"$[\"hands\"][0][\"pointables\"][1][\"mcpPosition\"]"},"nextJoint":{"$ref":"$[\"hands\"][0][\"pointables\"][1][\"pipPosition\"]"},"width":16.1796,"length":38.269812699437146,"basis":[[0.190133,-0.909122,-0.370604],[-0.422027,0.265147,-0.866943],[-0.886421,-0.321239,0.333261]]},"medial":{"finger":{"$ref":"$[\"hands\"][0][\"pointables\"][1]"},"_center":null,"_matrix":null,"type":2,"prevJoint":{"$ref":"$[\"hands\"][0][\"pointables\"][1][\"pipPosition\"]"},"nextJoint":{"$ref":"$[\"hands\"][0][\"pointables\"][1][\"dipPosition\"]"},"width":16.1796,"length":21.530363332977,"basis":[[0.190133,-0.909122,-0.370604],[-0.0205592,0.37372,-0.927314],[-0.981543,-0.183932,-0.0523658]]},"distal":{"finger":{"$ref":"$[\"hands\"][0][\"pointables\"][1]"},"_center":null,"_matrix":null,"type":3,"prevJoint":{"$ref":"$[\"hands\"][0][\"pointables\"][1][\"dipPosition\"]"},"nextJoint":[145.767,167.223,48.412],"width":16.1796,"length":15.219203645723374,"basis":[[0.190133,-0.909122,-0.370604],[0.184269,0.403827,-0.896085],[-0.96431,-0.102085,-0.244304]]},"bones":[{"$ref":"$[\"hands\"][0][\"pointables\"][1][\"metacarpal\"]"},{"$ref":"$[\"hands\"][0][\"pointables\"][1][\"proximal\"]"},{"$ref":"$[\"hands\"][0][\"pointables\"][1][\"medial\"]"},{"$ref":"$[\"hands\"][0][\"pointables\"][1][\"distal\"]"}],"frame":{"$ref":"$"}},{"valid":true,"id":1232,"handId":123,"length":59.6878,"tool":false,"width":15.8905,"direction":[0.978794,0.204529,0.0113916],"stabilizedTipPosition":[143.962,141.91,23.6557],"tipPosition":[149.301,145.617,28.3847],"tipVelocity":[338.78,292.185,991.999],"touchZone":"none","touchDistance":0.333333,"timeVisible":8.3604,"dipPosition":[139.604,146.169,35.3225],"pipPosition":[114.811,140.988,35.034],"mcpPosition":[76.0922,130.33,50.2254],"carpPosition":[29.8473,114.799,90.3472],"extended":true,"type":2,"finger":true,"positions":[{"$ref":"$[\"hands\"][0][\"pointables\"][2][\"carpPosition\"]"},{"$ref":"$[\"hands\"][0][\"pointables\"][2][\"mcpPosition\"]"},{"$ref":"$[\"hands\"][0][\"pointables\"][2][\"pipPosition\"]"},{"$ref":"$[\"hands\"][0][\"pointables\"][2][\"dipPosition\"]"},{"$ref":"$[\"hands\"][0][\"pointables\"][2][\"tipPosition\"]"}],"metacarpal":{"finger":{"$ref":"$[\"hands\"][0][\"pointables\"][2]"},"_center":null,"_matrix":null,"type":0,"prevJoint":{"$ref":"$[\"hands\"][0][\"pointables\"][2][\"carpPosition\"]"},"nextJoint":{"$ref":"$[\"hands\"][0][\"pointables\"][2][\"mcpPosition\"]"},"width":15.8905,"length":63.162976277642265,"basis":[[0.194717,-0.969206,-0.150748],[-0.652718,-0.0133164,-0.757484],[-0.732151,-0.245891,0.635211]]},"proximal":{"finger":{"$ref":"$[\"hands\"][0][\"pointables\"][2]"},"_center":null,"_matrix":null,"type":1,"prevJoint":{"$ref":"$[\"hands\"][0][\"pointables\"][2][\"mcpPosition\"]"},"nextJoint":{"$ref":"$[\"hands\"][0][\"pointables\"][2][\"pipPosition\"]"},"width":15.8905,"length":42.93619768214228,"basis":[[0.203722,-0.966103,-0.158562],[-0.381183,0.0709067,-0.921776],[-0.901774,-0.248227,0.353817]]},"medial":{"finger":{"$ref":"$[\"hands\"][0][\"pointables\"][2]"},"_center":null,"_matrix":null,"type":2,"prevJoint":{"$ref":"$[\"hands\"][0][\"pointables\"][2][\"pipPosition\"]"},"nextJoint":{"$ref":"$[\"hands\"][0][\"pointables\"][2][\"dipPosition\"]"},"width":15.8905,"length":25.33019625368111,"basis":[[0.203722,-0.966103,-0.158562],[-0.021425,0.15752,-0.987283],[-0.978794,-0.204529,-0.0113916]]},"distal":{"finger":{"$ref":"$[\"hands\"][0][\"pointables\"][2]"},"_center":null,"_matrix":null,"type":3,"prevJoint":{"$ref":"$[\"hands\"][0][\"pointables\"][2][\"dipPosition\"]"},"nextJoint":[155.322,148.629,40.5284],"width":15.8905,"length":16.73943006228108,"basis":[[0.203722,-0.966103,-0.158562],[0.277149,0.212243,-0.937092],[-0.938981,-0.146961,-0.310993]]},"bones":[{"$ref":"$[\"hands\"][0][\"pointables\"][2][\"metacarpal\"]"},{"$ref":"$[\"hands\"][0][\"pointables\"][2][\"proximal\"]"},{"$ref":"$[\"hands\"][0][\"pointables\"][2][\"medial\"]"},{"$ref":"$[\"hands\"][0][\"pointables\"][2][\"distal\"]"}],"frame":{"$ref":"$"}},{"valid":true,"id":1233,"handId":123,"length":57.3914,"tool":false,"width":15.1209,"direction":[0.982531,0.158255,-0.0979169],"stabilizedTipPosition":[141.584,117.686,24.5913],"tipPosition":[144.45,117.832,26.6909],"tipVelocity":[425.83,359.906,933.567],"touchZone":"hovering","touchDistance":0.333333,"timeVisible":8.3604,"dipPosition":[134.124,119.757,31.4045],"pipPosition":[109.879,115.852,33.8207],"mcpPosition":[73.9328,109.818,49.804],"carpPosition":[32.0141,104.244,87.5896],"extended":true,"type":3,"finger":true,"positions":[{"$ref":"$[\"hands\"][0][\"pointables\"][3][\"carpPosition\"]"},{"$ref":"$[\"hands\"][0][\"pointables\"][3][\"mcpPosition\"]"},{"$ref":"$[\"hands\"][0][\"pointables\"][3][\"pipPosition\"]"},{"$ref":"$[\"hands\"][0][\"pointables\"][3][\"dipPosition\"]"},{"$ref":"$[\"hands\"][0][\"pointables\"][3][\"tipPosition\"]"}],"metacarpal":{"finger":{"$ref":"$[\"hands\"][0][\"pointables\"][3]"},"_center":null,"_matrix":null,"type":0,"prevJoint":{"$ref":"$[\"hands\"][0][\"pointables\"][3][\"carpPosition\"]"},"nextJoint":{"$ref":"$[\"hands\"][0][\"pointables\"][3][\"mcpPosition\"]"},"width":15.1209,"length":56.709773875849656,"basis":[[0.1335,-0.991047,0.00190622],[-0.660145,-0.0903595,-0.745684],[-0.73918,-0.09829,0.666298]]},"proximal":{"finger":{"$ref":"$[\"hands\"][0][\"pointables\"][3]"},"_center":null,"_matrix":null,"type":1,"prevJoint":{"$ref":"$[\"hands\"][0][\"pointables\"][3][\"mcpPosition\"]"},"nextJoint":{"$ref":"$[\"hands\"][0][\"pointables\"][3][\"pipPosition\"]"},"width":15.1209,"length":39.7995518734822,"basis":[[0.157101,-0.987391,-0.0194308],[-0.399476,-0.0455413,-0.915612],[-0.903182,-0.151606,0.401594]]},"medial":{"finger":{"$ref":"$[\"hands\"][0][\"pointables\"][3]"},"_center":null,"_matrix":null,"type":2,"prevJoint":{"$ref":"$[\"hands\"][0][\"pointables\"][3][\"pipPosition\"]"},"nextJoint":{"$ref":"$[\"hands\"][0][\"pointables\"][3][\"dipPosition\"]"},"width":15.1209,"length":24.67604247929557,"basis":[[0.157101,-0.987391,-0.0194308],[-0.0997573,0.00370855,-0.995005],[-0.982531,-0.158255,0.0979169]]},"distal":{"finger":{"$ref":"$[\"hands\"][0][\"pointables\"][3]"},"_center":null,"_matrix":null,"type":3,"prevJoint":{"$ref":"$[\"hands\"][0][\"pointables\"][3][\"dipPosition\"]"},"nextJoint":[150.32,122.277,34.2907],"width":15.1209,"length":16.64304558787243,"basis":[[0.157101,-0.987391,-0.0194308],[0.168289,0.046153,-0.984657],[-0.973138,-0.151421,-0.173418]]},"bones":[{"$ref":"$[\"hands\"][0][\"pointables\"][3][\"metacarpal\"]"},{"$ref":"$[\"hands\"][0][\"pointables\"][3][\"proximal\"]"},{"$ref":"$[\"hands\"][0][\"pointables\"][3][\"medial\"]"},{"$ref":"$[\"hands\"][0][\"pointables\"][3][\"distal\"]"}],"frame":{"$ref":"$"}},{"valid":true,"id":1234,"handId":123,"length":44.9938,"tool":false,"width":13.4315,"direction":[0.989772,0.0842854,-0.115094],"stabilizedTipPosition":[128.463,91.1977,35.1303],"tipPosition":[129.638,89.7001,35.1287],"tipVelocity":[407.233,424.89,727.444],"touchZone":"hovering","touchDistance":0.971483,"timeVisible":8.3604,"dipPosition":[119.422,92.1222,38.1301],"pipPosition":[102.178,90.6537,40.1353],"mcpPosition":[73.6671,90.7947,53.5218],"carpPosition":[36.7515,92.6987,90.7965],"extended":true,"type":4,"finger":true,"positions":[{"$ref":"$[\"hands\"][0][\"pointables\"][4][\"carpPosition\"]"},{"$ref":"$[\"hands\"][0][\"pointables\"][4][\"mcpPosition\"]"},{"$ref":"$[\"hands\"][0][\"pointables\"][4][\"pipPosition\"]"},{"$ref":"$[\"hands\"][0][\"pointables\"][4][\"dipPosition\"]"},{"$ref":"$[\"hands\"][0][\"pointables\"][4][\"tipPosition\"]"}],"metacarpal":{"finger":{"$ref":"$[\"hands\"][0][\"pointables\"][4]"},"_center":null,"_matrix":null,"type":0,"prevJoint":{"$ref":"$[\"hands\"][0][\"pointables\"][4][\"carpPosition\"]"},"nextJoint":{"$ref":"$[\"hands\"][0][\"pointables\"][4][\"mcpPosition\"]"},"width":13.4315,"length":52.49561885957723,"basis":[[0.154278,-0.967118,0.202192],[-0.694038,-0.25173,-0.674494],[-0.703213,0.0362696,0.710053]]},"proximal":{"finger":{"$ref":"$[\"hands\"][0][\"pointables\"][4]"},"_center":null,"_matrix":null,"type":1,"prevJoint":{"$ref":"$[\"hands\"][0][\"pointables\"][4][\"mcpPosition\"]"},"nextJoint":{"$ref":"$[\"hands\"][0][\"pointables\"][4][\"pipPosition\"]"},"width":13.4315,"length":31.4974551679973,"basis":[[0.110572,-0.963034,0.24564],[-0.410394,-0.269342,-0.871224],[-0.90518,0.0044758,0.425005]]},"medial":{"finger":{"$ref":"$[\"hands\"][0][\"pointables\"][4]"},"_center":null,"_matrix":null,"type":2,"prevJoint":{"$ref":"$[\"hands\"][0][\"pointables\"][4][\"pipPosition\"]"},"nextJoint":{"$ref":"$[\"hands\"][0][\"pointables\"][4][\"dipPosition\"]"},"width":13.4315,"length":17.42219433050843,"basis":[[0.110572,-0.963034,0.24564],[-0.0901359,-0.255854,-0.962504],[-0.989772,-0.0842854,0.115094]]},"distal":{"finger":{"$ref":"$[\"hands\"][0][\"pointables\"][4]"},"_center":null,"_matrix":null,"type":3,"prevJoint":{"$ref":"$[\"hands\"][0][\"pointables\"][4][\"dipPosition\"]"},"nextJoint":[134.551,94.2499,39.6616],"width":13.4315,"length":15.354453443219647,"basis":[[0.110572,-0.963034,0.24564],[0.130097,-0.231004,-0.964216],[-0.985316,-0.138573,-0.0997454]]},"bones":[{"$ref":"$[\"hands\"][0][\"pointables\"][4][\"metacarpal\"]"},{"$ref":"$[\"hands\"][0][\"pointables\"][4][\"proximal\"]"},{"$ref":"$[\"hands\"][0][\"pointables\"][4][\"medial\"]"},{"$ref":"$[\"hands\"][0][\"pointables\"][4][\"distal\"]"}],"frame":{"$ref":"$"}}],"fingers":[{"$ref":"$[\"hands\"][0][\"pointables\"][0]"},{"$ref":"$[\"hands\"][0][\"pointables\"][1]"},{"$ref":"$[\"hands\"][0][\"pointables\"][2]"},{"$ref":"$[\"hands\"][0][\"pointables\"][3]"},{"$ref":"$[\"hands\"][0][\"pointables\"][4]"}],"arm":{"finger":{"$ref":"$[\"hands\"][0]"},"_center":null,"_matrix":null,"type":4,"prevJoint":[5.71722,-141.492,186.688],"nextJoint":[24.0126,90.8492,112.978],"width":54.6384,"length":244.43878220688387,"basis":[[0.256847,-0.310571,-0.915191],[-0.963549,-0.00895377,-0.267381],[-0.0748463,-0.950508,0.30155]]},"tools":[],"_translation":[57.2271,-60.7501,43.6341],"_rotation":[-0.327339,0.944015,0.0410354,-0.814054,-0.259693,-0.519496,-0.479755,-0.203456,0.853487],"_scaleFactor":0.847559,"timeVisible":8.3604,"stabilizedPalmPosition":[63.1228,120.827,66.6339],"type":"left","grabStrength":0,"pinchStrength":0.214366,"confidence":1,"frame":{"$ref":"$"},"thumb":{"$ref":"$[\"hands\"][0][\"pointables\"][0]"},"indexFinger":{"$ref":"$[\"hands\"][0][\"pointables\"][1]"},"middleFinger":{"$ref":"$[\"hands\"][0][\"pointables\"][2]"},"ringFinger":{"$ref":"$[\"hands\"][0][\"pointables\"][3]"},"pinky":{"$ref":"$[\"hands\"][0][\"pointables\"][4]"}}],"handsMap":{"123":{"$ref":"$[\"hands\"][0]"}},"pointables":[{"$ref":"$[\"hands\"][0][\"pointables\"][0]"},{"$ref":"$[\"hands\"][0][\"pointables\"][1]"},{"$ref":"$[\"hands\"][0][\"pointables\"][2]"},{"$ref":"$[\"hands\"][0][\"pointables\"][3]"},{"$ref":"$[\"hands\"][0][\"pointables\"][4]"}],"tools":[],"fingers":[{"$ref":"$[\"hands\"][0][\"pointables\"][0]"},{"$ref":"$[\"hands\"][0][\"pointables\"][1]"},{"$ref":"$[\"hands\"][0][\"pointables\"][2]"},{"$ref":"$[\"hands\"][0][\"pointables\"][3]"},{"$ref":"$[\"hands\"][0][\"pointables\"][4]"}],"interactionBox":{"valid":true,"center":[0,200,0],"size":[235.247,235.247,147.751],"width":235.247,"height":235.247,"depth":147.751},"gestures":[],"pointablesMap":{"1230":{"$ref":"$[\"hands\"][0][\"pointables\"][0]"},"1231":{"$ref":"$[\"hands\"][0][\"pointables\"][1]"},"1232":{"$ref":"$[\"hands\"][0][\"pointables\"][2]"},"1233":{"$ref":"$[\"hands\"][0][\"pointables\"][3]"},"1234":{"$ref":"$[\"hands\"][0][\"pointables\"][4]"}},"_translation":[57.2271,-60.7501,43.6341],"_rotation":[-0.327339,0.944015,0.0410354,-0.814054,-0.259693,-0.519496,-0.479755,-0.203456,0.853487],"_scaleFactor":0.847559,"data":{"currentFrameRate":55.3065,"devices":[],"gestures":[],"hands":[{"armBasis":{"$ref":"$[\"hands\"][0][\"arm\"][\"basis\"]"},"armWidth":54.6384,"confidence":1,"direction":{"$ref":"$[\"hands\"][0][\"direction\"]"},"elbow":{"$ref":"$[\"hands\"][0][\"arm\"][\"prevJoint\"]"},"grabAngle":0.943683,"grabStrength":0,"id":123,"palmNormal":{"$ref":"$[\"hands\"][0][\"palmNormal\"]"},"palmPosition":{"$ref":"$[\"hands\"][0][\"palmPosition\"]"},"palmVelocity":{"$ref":"$[\"hands\"][0][\"palmVelocity\"]"},"palmWidth":82.3759,"pinchDistance":47.8654,"pinchStrength":0.214366,"r":[[-0.327339,0.944015,0.0410354],[-0.814054,-0.259693,-0.519496],[-0.479755,-0.203456,0.853487]],"s":0.847559,"sphereCenter":{"$ref":"$[\"hands\"][0][\"sphereCenter\"]"},"sphereRadius":89.3348,"stabilizedPalmPosition":{"$ref":"$[\"hands\"][0][\"stabilizedPalmPosition\"]"},"t":{"$ref":"$[\"hands\"][0][\"_translation\"]"},"timeVisible":8.3604,"type":"left","wrist":{"$ref":"$[\"hands\"][0][\"arm\"][\"nextJoint\"]"}}],"id":1281019,"interactionBox":{"center":{"$ref":"$[\"interactionBox\"][\"center\"]"},"size":{"$ref":"$[\"interactionBox\"][\"size\"]"}},"pointables":[{"bases":[{"$ref":"$[\"hands\"][0][\"pointables\"][0][\"metacarpal\"][\"basis\"]"},{"$ref":"$[\"hands\"][0][\"pointables\"][0][\"proximal\"][\"basis\"]"},{"$ref":"$[\"hands\"][0][\"pointables\"][0][\"medial\"][\"basis\"]"},{"$ref":"$[\"hands\"][0][\"pointables\"][0][\"distal\"][\"basis\"]"}],"btipPosition":{"$ref":"$[\"hands\"][0][\"pointables\"][0][\"distal\"][\"nextJoint\"]"},"carpPosition":{"$ref":"$[\"hands\"][0][\"pointables\"][0][\"carpPosition\"]"},"dipPosition":{"$ref":"$[\"hands\"][0][\"pointables\"][0][\"dipPosition\"]"},"direction":{"$ref":"$[\"hands\"][0][\"pointables\"][0][\"direction\"]"},"extended":false,"handId":123,"id":1230,"length":46.424,"mcpPosition":{"$ref":"$[\"hands\"][0][\"pointables\"][0][\"mcpPosition\"]"},"pipPosition":{"$ref":"$[\"hands\"][0][\"pointables\"][0][\"pipPosition\"]"},"stabilizedTipPosition":{"$ref":"$[\"hands\"][0][\"pointables\"][0][\"stabilizedTipPosition\"]"},"timeVisible":8.3604,"tipPosition":{"$ref":"$[\"hands\"][0][\"pointables\"][0][\"tipPosition\"]"},"tipVelocity":{"$ref":"$[\"hands\"][0][\"pointables\"][0][\"tipVelocity\"]"},"tool":false,"touchDistance":0.333333,"touchZone":"hovering","type":0,"width":16.9385},{"bases":[{"$ref":"$[\"hands\"][0][\"pointables\"][1][\"metacarpal\"][\"basis\"]"},{"$ref":"$[\"hands\"][0][\"pointables\"][1][\"proximal\"][\"basis\"]"},{"$ref":"$[\"hands\"][0][\"pointables\"][1][\"medial\"][\"basis\"]"},{"$ref":"$[\"hands\"][0][\"pointables\"][1][\"distal\"][\"basis\"]"}],"btipPosition":{"$ref":"$[\"hands\"][0][\"pointables\"][1][\"distal\"][\"nextJoint\"]"},"carpPosition":{"$ref":"$[\"hands\"][0][\"pointables\"][1][\"carpPosition\"]"},"dipPosition":{"$ref":"$[\"hands\"][0][\"pointables\"][1][\"dipPosition\"]"},"direction":{"$ref":"$[\"hands\"][0][\"pointables\"][1][\"direction\"]"},"extended":true,"handId":123,"id":1231,"length":52.3843,"mcpPosition":{"$ref":"$[\"hands\"][0][\"pointables\"][1][\"mcpPosition\"]"},"pipPosition":{"$ref":"$[\"hands\"][0][\"pointables\"][1][\"pipPosition\"]"},"stabilizedTipPosition":{"$ref":"$[\"hands\"][0][\"pointables\"][1][\"stabilizedTipPosition\"]"},"timeVisible":8.3604,"tipPosition":{"$ref":"$[\"hands\"][0][\"pointables\"][1][\"tipPosition\"]"},"tipVelocity":{"$ref":"$[\"hands\"][0][\"pointables\"][1][\"tipVelocity\"]"},"tool":false,"touchDistance":0.333333,"touchZone":"none","type":1,"width":16.1796},{"bases":[{"$ref":"$[\"hands\"][0][\"pointables\"][2][\"metacarpal\"][\"basis\"]"},{"$ref":"$[\"hands\"][0][\"pointables\"][2][\"proximal\"][\"basis\"]"},{"$ref":"$[\"hands\"][0][\"pointables\"][2][\"medial\"][\"basis\"]"},{"$ref":"$[\"hands\"][0][\"pointables\"][2][\"distal\"][\"basis\"]"}],"btipPosition":{"$ref":"$[\"hands\"][0][\"pointables\"][2][\"distal\"][\"nextJoint\"]"},"carpPosition":{"$ref":"$[\"hands\"][0][\"pointables\"][2][\"carpPosition\"]"},"dipPosition":{"$ref":"$[\"hands\"][0][\"pointables\"][2][\"dipPosition\"]"},"direction":{"$ref":"$[\"hands\"][0][\"pointables\"][2][\"direction\"]"},"extended":true,"handId":123,"id":1232,"length":59.6878,"mcpPosition":{"$ref":"$[\"hands\"][0][\"pointables\"][2][\"mcpPosition\"]"},"pipPosition":{"$ref":"$[\"hands\"][0][\"pointables\"][2][\"pipPosition\"]"},"stabilizedTipPosition":{"$ref":"$[\"hands\"][0][\"pointables\"][2][\"stabilizedTipPosition\"]"},"timeVisible":8.3604,"tipPosition":{"$ref":"$[\"hands\"][0][\"pointables\"][2][\"tipPosition\"]"},"tipVelocity":{"$ref":"$[\"hands\"][0][\"pointables\"][2][\"tipVelocity\"]"},"tool":false,"touchDistance":0.333333,"touchZone":"none","type":2,"width":15.8905},{"bases":[{"$ref":"$[\"hands\"][0][\"pointables\"][3][\"metacarpal\"][\"basis\"]"},{"$ref":"$[\"hands\"][0][\"pointables\"][3][\"proximal\"][\"basis\"]"},{"$ref":"$[\"hands\"][0][\"pointables\"][3][\"medial\"][\"basis\"]"},{"$ref":"$[\"hands\"][0][\"pointables\"][3][\"distal\"][\"basis\"]"}],"btipPosition":{"$ref":"$[\"hands\"][0][\"pointables\"][3][\"distal\"][\"nextJoint\"]"},"carpPosition":{"$ref":"$[\"hands\"][0][\"pointables\"][3][\"carpPosition\"]"},"dipPosition":{"$ref":"$[\"hands\"][0][\"pointables\"][3][\"dipPosition\"]"},"direction":{"$ref":"$[\"hands\"][0][\"pointables\"][3][\"direction\"]"},"extended":true,"handId":123,"id":1233,"length":57.3914,"mcpPosition":{"$ref":"$[\"hands\"][0][\"pointables\"][3][\"mcpPosition\"]"},"pipPosition":{"$ref":"$[\"hands\"][0][\"pointables\"][3][\"pipPosition\"]"},"stabilizedTipPosition":{"$ref":"$[\"hands\"][0][\"pointables\"][3][\"stabilizedTipPosition\"]"},"timeVisible":8.3604,"tipPosition":{"$ref":"$[\"hands\"][0][\"pointables\"][3][\"tipPosition\"]"},"tipVelocity":{"$ref":"$[\"hands\"][0][\"pointables\"][3][\"tipVelocity\"]"},"tool":false,"touchDistance":0.333333,"touchZone":"hovering","type":3,"width":15.1209},{"bases":[{"$ref":"$[\"hands\"][0][\"pointables\"][4][\"metacarpal\"][\"basis\"]"},{"$ref":"$[\"hands\"][0][\"pointables\"][4][\"proximal\"][\"basis\"]"},{"$ref":"$[\"hands\"][0][\"pointables\"][4][\"medial\"][\"basis\"]"},{"$ref":"$[\"hands\"][0][\"pointables\"][4][\"distal\"][\"basis\"]"}],"btipPosition":{"$ref":"$[\"hands\"][0][\"pointables\"][4][\"distal\"][\"nextJoint\"]"},"carpPosition":{"$ref":"$[\"hands\"][0][\"pointables\"][4][\"carpPosition\"]"},"dipPosition":{"$ref":"$[\"hands\"][0][\"pointables\"][4][\"dipPosition\"]"},"direction":{"$ref":"$[\"hands\"][0][\"pointables\"][4][\"direction\"]"},"extended":true,"handId":123,"id":1234,"length":44.9938,"mcpPosition":{"$ref":"$[\"hands\"][0][\"pointables\"][4][\"mcpPosition\"]"},"pipPosition":{"$ref":"$[\"hands\"][0][\"pointables\"][4][\"pipPosition\"]"},"stabilizedTipPosition":{"$ref":"$[\"hands\"][0][\"pointables\"][4][\"stabilizedTipPosition\"]"},"timeVisible":8.3604,"tipPosition":{"$ref":"$[\"hands\"][0][\"pointables\"][4][\"tipPosition\"]"},"tipVelocity":{"$ref":"$[\"hands\"][0][\"pointables\"][4][\"tipVelocity\"]"},"tool":false,"touchDistance":0.971483,"touchZone":"hovering","type":4,"width":13.4315}],"r":[[-0.327339,0.944015,0.0410354],[-0.814054,-0.259693,-0.519496],[-0.479755,-0.203456,0.853487]],"s":0.847559,"t":{"$ref":"$[\"_translation\"]"},"timestamp":12895880129},"type":"frame","currentFrameRate":55.3065,"controller":{"animationFrameRequested":true,"suppressAnimationLoop":false,"loopWhileDisconnected":true,"frameEventName":"animationFrame","useAllPlugins":false,"history":{"pos":320,"_buf":[{"valid":true,"id":1280593,"timestamp":12890665113,"hands":[{"id":123,"palmPosition":[-4.71309,160.356,11.7872],"direction":[-0.605985,0.122678,-0.78596],"palmVelocity":[43.0366,-76.8301,-10.0242],"palmNormal":[0.222619,-0.922403,-0.315617],"sphereCenter":[-13.3682,138.804,-29.03],"sphereRadius":62.2405,"valid":true,"pointables":[{"valid":true,"id":1230,"handId":123,"length":44.5925,"tool":false,"width":17.2478,"direction":[0.260769,0.352685,-0.898673],"stabilizedTipPosition":[63.8792,184.903,-39.6277],"tipPosition":[63.46,175.977,-42.3973],"tipVelocity":[10.4706,246.89,125.259],"touchZone":"hovering","touchDistance":0.395745,"timeVisible":3.14538,"dipPosition":[56.4203,177.484,-28.5101],"pipPosition":[48.8128,167.195,-2.29279],"mcpPosition":[42.2183,155.524,40.5474],"carpPosition":[42.2183,155.524,40.5474],"extended":true,"type":0,"finger":true,"positions":[{"$ref":"$[\"controller\"][\"history\"][\"_buf\"][0][\"hands\"][0][\"pointables\"][0][\"carpPosition\"]"},{"$ref":"$[\"controller\"][\"history\"][\"_buf\"][0][\"hands\"][0][\"pointables\"][0][\"mcpPosition\"]"},{"$ref":"$[\"controller\"][\"history\"][\"_buf\"][0][\"hands\"][0][\"pointables\"][0][\"pipPosition\"]"},{"$ref":"$[\"controller\"][\"history\"][\"_buf\"][0][\"hands\"][0][\"pointables\"][0][\"dipPosition\"]"},{"$ref":"$[\"controller\"][\"history\"][\"_buf\"][0][\"hands\"][0][\"pointables\"][0][\"tipPosition\"]"}],"metacarpal":{"finger":{"$ref":"$[\"controller\"][\"history\"][\"_buf\"][0][\"hands\"][0][\"pointables\"][0]"},"_center":null,"_matrix":null,"type":0,"prevJoint":{"$ref":"$[\"controller\"][\"history\"][\"_buf\"][0][\"hands\"][0][\"pointables\"][0][\"carpPosition\"]"},"nextJoint":{"$ref":"$[\"controller\"][\"history\"][\"_buf\"][0][\"hands\"][0][\"pointables\"][0][\"mcpPosition\"]"},"width":17.2478,"length":0,"basis":[[-0.624671,0.701591,0.342866],[0.751549,0.659373,0.0200106],[0.212037,-0.27018,0.939171]]},"proximal":{"finger":{"$ref":"$[\"controller\"][\"history\"][\"_buf\"][0][\"hands\"][0][\"pointables\"][0]"},"_center":null,"_matrix":null,"type":1,"prevJoint":{"$ref":"$[\"controller\"][\"history\"][\"_buf\"][0][\"hands\"][0][\"pointables\"][0][\"mcpPosition\"]"},"nextJoint":{"$ref":"$[\"controller\"][\"history\"][\"_buf\"][0][\"hands\"][0][\"pointables\"][0][\"pipPosition\"]"},"width":17.2478,"length":44.88854587181568,"basis":[[-0.657593,0.746421,0.102119],[0.738911,0.612584,0.280626],[-0.146909,-0.259994,0.954369]]},"medial":{"finger":{"$ref":"$[\"controller\"][\"history\"][\"_buf\"][0][\"hands\"][0][\"pointables\"][0]"},"_center":null,"_matrix":null,"type":2,"prevJoint":{"$ref":"$[\"controller\"][\"history\"][\"_buf\"][0][\"hands\"][0][\"pointables\"][0][\"pipPosition\"]"},"nextJoint":{"$ref":"$[\"controller\"][\"history\"][\"_buf\"][0][\"hands\"][0][\"pointables\"][0][\"dipPosition\"]"},"width":17.2478,"length":29.17335978056179,"basis":[[-0.657593,0.746421,0.102119],[0.706804,0.564331,0.426566],[-0.260769,-0.352685,0.898673]]},"distal":{"finger":{"$ref":"$[\"controller\"][\"history\"][\"_buf\"][0][\"hands\"][0][\"pointables\"][0]"},"_center":null,"_matrix":null,"type":3,"prevJoint":{"$ref":"$[\"controller\"][\"history\"][\"_buf\"][0][\"hands\"][0][\"pointables\"][0][\"dipPosition\"]"},"nextJoint":[66.1341,187.962,-42.5409],"width":17.2478,"length":20.025227666121545,"basis":[[-0.657593,0.746421,0.102119],[0.576422,0.411217,0.706143],[-0.485087,-0.523218,0.700667]]},"bones":[{"$ref":"$[\"controller\"][\"history\"][\"_buf\"][0][\"hands\"][0][\"pointables\"][0][\"metacarpal\"]"},{"$ref":"$[\"controller\"][\"history\"][\"_buf\"][0][\"hands\"][0][\"pointables\"][0][\"proximal\"]"},{"$ref":"$[\"controller\"][\"history\"][\"_buf\"][0][\"hands\"][0][\"pointables\"][0][\"medial\"]"},{"$ref":"$[\"controller\"][\"history\"][\"_buf\"][0][\"hands\"][0][\"pointables\"][0][\"distal\"]"}],"frame":{"$ref":"$[\"controller\"][\"history\"][\"_buf\"][0]"}},{"valid":true,"id":1231,"handId":123,"length":50.3177,"tool":false,"width":16.4751,"direction":[-0.316209,-0.0990883,-0.943501],"stabilizedTipPosition":[-25.5831,175.595,-79.8947],"tipPosition":[-24.5728,172.928,-79.4933],"tipVelocity":[31.4662,-207.884,-18.7852],"touchZone":"hovering","touchDistance":0.327458,"timeVisible":3.14538,"dipPosition":[-23.085,178.013,-69.607],"pipPosition":[-16.5455,180.062,-50.0945],"mcpPosition":[-1.57621,173.151,-17.2394],"carpPosition":[26.9375,170.267,42.3975],"extended":true,"type":1,"finger":true,"positions":[{"$ref":"$[\"controller\"][\"history\"][\"_buf\"][0][\"hands\"][0][\"pointables\"][1][\"carpPosition\"]"},{"$ref":"$[\"controller\"][\"history\"][\"_buf\"][0][\"hands\"][0][\"pointables\"][1][\"mcpPosition\"]"},{"$ref":"$[\"controller\"][\"history\"][\"_buf\"][0][\"hands\"][0][\"pointables\"][1][\"pipPosition\"]"},{"$ref":"$[\"controller\"][\"history\"][\"_buf\"][0][\"hands\"][0][\"pointables\"][1][\"dipPosition\"]"},{"$ref":"$[\"controller\"][\"history\"][\"_buf\"][0][\"hands\"][0][\"pointables\"][1][\"tipPosition\"]"}],"metacarpal":{"finger":{"$ref":"$[\"controller\"][\"history\"][\"_buf\"][0][\"hands\"][0][\"pointables\"][1]"},"_center":null,"_matrix":null,"type":0,"prevJoint":{"$ref":"$[\"controller\"][\"history\"][\"_buf\"][0][\"hands\"][0][\"pointables\"][1][\"carpPosition\"]"},"nextJoint":{"$ref":"$[\"controller\"][\"history\"][\"_buf\"][0][\"hands\"][0][\"pointables\"][1][\"mcpPosition\"]"},"width":16.4751,"length":66.16576875979074,"basis":[[-0.854595,-0.340432,0.39214],[-0.289751,0.939259,0.183949],[0.430943,-0.0435789,0.901326]]},"proximal":{"finger":{"$ref":"$[\"controller\"][\"history\"][\"_buf\"][0][\"hands\"][0][\"pointables\"][1]"},"_center":null,"_matrix":null,"type":1,"prevJoint":{"$ref":"$[\"controller\"][\"history\"][\"_buf\"][0][\"hands\"][0][\"pointables\"][1][\"mcpPosition\"]"},"nextJoint":{"$ref":"$[\"controller\"][\"history\"][\"_buf\"][0][\"hands\"][0][\"pointables\"][1][\"pipPosition\"]"},"width":16.4751,"length":36.76002122026183,"basis":[[-0.881569,-0.336744,0.330818],[-0.238771,0.922633,0.302879],[0.407216,-0.188019,0.893769]]},"medial":{"finger":{"$ref":"$[\"controller\"][\"history\"][\"_buf\"][0][\"hands\"][0][\"pointables\"][1]"},"_center":null,"_matrix":null,"type":2,"prevJoint":{"$ref":"$[\"controller\"][\"history\"][\"_buf\"][0][\"hands\"][0][\"pointables\"][1][\"pipPosition\"]"},"nextJoint":{"$ref":"$[\"controller\"][\"history\"][\"_buf\"][0][\"hands\"][0][\"pointables\"][1][\"dipPosition\"]"},"width":16.4751,"length":20.68093608858168,"basis":[[-0.881569,-0.336744,0.330818],[-0.350498,0.936368,0.0191282],[0.316209,0.0990883,0.943501]]},"distal":{"finger":{"$ref":"$[\"controller\"][\"history\"][\"_buf\"][0][\"hands\"][0][\"pointables\"][1]"},"_center":null,"_matrix":null,"type":3,"prevJoint":{"$ref":"$[\"controller\"][\"history\"][\"_buf\"][0][\"hands\"][0][\"pointables\"][1][\"dipPosition\"]"},"nextJoint":[-26.3363,173.308,-83.0608],"width":16.4751,"length":14.618916209144922,"basis":[[-0.881569,-0.336744,0.330818],[-0.416382,0.884876,-0.208854],[0.222403,0.321866,0.920293]]},"bones":[{"$ref":"$[\"controller\"][\"history\"][\"_buf\"][0][\"hands\"][0][\"pointables\"][1][\"metacarpal\"]"},{"$ref":"$[\"controller\"][\"history\"][\"_buf\"][0][\"hands\"][0][\"pointables\"][1][\"proximal\"]"},{"$ref":"$[\"controller\"][\"history\"][\"_buf\"][0][\"hands\"][0][\"pointables\"][1][\"medial\"]"},{"$ref":"$[\"controller\"][\"history\"][\"_buf\"][0][\"hands\"][0][\"pointables\"][1][\"distal\"]"}],"frame":{"$ref":"$[\"controller\"][\"history\"][\"_buf\"][0]"}},{"valid":true,"id":1232,"handId":123,"length":57.333,"tool":false,"width":16.1807,"direction":[-0.499774,-0.239918,-0.832265],"stabilizedTipPosition":[-61.4148,160.889,-66.8842],"tipPosition":[-61.7301,166.547,-66.5474],"tipVelocity":[130.365,-373.161,-64.213],"touchZone":"hovering","touchDistance":0.330815,"timeVisible":3.14538,"dipPosition":[-57.0351,166.041,-56.7107],"pipPosition":[-44.8751,171.879,-36.4608],"mcpPosition":[-17.194,167.701,-6.17544],"carpPosition":[16.9054,168,46.4962],"extended":true,"type":2,"finger":true,"positions":[{"$ref":"$[\"controller\"][\"history\"][\"_buf\"][0][\"hands\"][0][\"pointables\"][2][\"carpPosition\"]"},{"$ref":"$[\"controller\"][\"history\"][\"_buf\"][0][\"hands\"][0][\"pointables\"][2][\"mcpPosition\"]"},{"$ref":"$[\"controller\"][\"history\"][\"_buf\"][0][\"hands\"][0][\"pointables\"][2][\"pipPosition\"]"},{"$ref":"$[\"controller\"][\"history\"][\"_buf\"][0][\"hands\"][0][\"pointables\"][2][\"dipPosition\"]"},{"$ref":"$[\"controller\"][\"history\"][\"_buf\"][0][\"hands\"][0][\"pointables\"][2][\"tipPosition\"]"}],"metacarpal":{"finger":{"$ref":"$[\"controller\"][\"history\"][\"_buf\"][0][\"hands\"][0][\"pointables\"][2]"},"_center":null,"_matrix":null,"type":0,"prevJoint":{"$ref":"$[\"controller\"][\"history\"][\"_buf\"][0][\"hands\"][0][\"pointables\"][2][\"carpPosition\"]"},"nextJoint":{"$ref":"$[\"controller\"][\"history\"][\"_buf\"][0][\"hands\"][0][\"pointables\"][2][\"mcpPosition\"]"},"width":16.1807,"length":62.74679387546108,"basis":[[-0.726515,-0.498289,0.473164],[-0.420528,0.866998,0.267341],[0.543445,0.00475171,0.839431]]},"proximal":{"finger":{"$ref":"$[\"controller\"][\"history\"][\"_buf\"][0][\"hands\"][0][\"pointables\"][2]"},"_center":null,"_matrix":null,"type":1,"prevJoint":{"$ref":"$[\"controller\"][\"history\"][\"_buf\"][0][\"hands\"][0][\"pointables\"][2][\"mcpPosition\"]"},"nextJoint":{"$ref":"$[\"controller\"][\"history\"][\"_buf\"][0][\"hands\"][0][\"pointables\"][2][\"pipPosition\"]"},"width":16.1807,"length":41.241993302210794,"basis":[[-0.673997,-0.495785,0.547654],[-0.308602,0.862518,0.401032],[0.671188,-0.101287,0.734335]]},"medial":{"finger":{"$ref":"$[\"controller\"][\"history\"][\"_buf\"][0][\"hands\"][0][\"pointables\"][2]"},"_center":null,"_matrix":null,"type":2,"prevJoint":{"$ref":"$[\"controller\"][\"history\"][\"_buf\"][0][\"hands\"][0][\"pointables\"][2][\"pipPosition\"]"},"nextJoint":{"$ref":"$[\"controller\"][\"history\"][\"_buf\"][0][\"hands\"][0][\"pointables\"][2][\"dipPosition\"]"},"width":16.1807,"length":24.331179461957863,"basis":[[-0.673997,-0.495785,0.547654],[-0.544017,0.834648,0.0860767],[0.499774,0.239918,0.832265]]},"distal":{"finger":{"$ref":"$[\"controller\"][\"history\"][\"_buf\"][0][\"hands\"][0][\"pointables\"][2]"},"_center":null,"_matrix":null,"type":3,"prevJoint":{"$ref":"$[\"controller\"][\"history\"][\"_buf\"][0][\"hands\"][0][\"pointables\"][2][\"dipPosition\"]"},"nextJoint":[-62.5656,158.878,-70.0015],"width":16.1807,"length":16.07919039908415,"basis":[[-0.673997,-0.495785,0.547654],[-0.653778,0.745484,-0.129724],[0.343952,0.445478,0.826587]]},"bones":[{"$ref":"$[\"controller\"][\"history\"][\"_buf\"][0][\"hands\"][0][\"pointables\"][2][\"metacarpal\"]"},{"$ref":"$[\"controller\"][\"history\"][\"_buf\"][0][\"hands\"][0][\"pointables\"][2][\"proximal\"]"},{"$ref":"$[\"controller\"][\"history\"][\"_buf\"][0][\"hands\"][0][\"pointables\"][2][\"medial\"]"},{"$ref":"$[\"controller\"][\"history\"][\"_buf\"][0][\"hands\"][0][\"pointables\"][2][\"distal\"]"}],"frame":{"$ref":"$[\"controller\"][\"history\"][\"_buf\"][0]"}},{"valid":true,"id":1233,"handId":123,"length":55.1272,"tool":false,"width":15.397,"direction":[-0.603952,-0.362212,-0.709961],"stabilizedTipPosition":[-78.4911,143.139,-39.4121],"tipPosition":[-82.1311,151.737,-37.1032],"tipVelocity":[179.755,-348.828,-96.3436],"touchZone":"hovering","touchDistance":0.318283,"timeVisible":3.14538,"dipPosition":[-73.8191,150.159,-30.5954],"pipPosition":[-59.5038,158.744,-13.7673],"mcpPosition":[-28.6876,159.792,8.83238],"carpPosition":[8.17766,163.221,51.2936],"extended":true,"type":3,"finger":true,"positions":[{"$ref":"$[\"controller\"][\"history\"][\"_buf\"][0][\"hands\"][0][\"pointables\"][3][\"carpPosition\"]"},{"$ref":"$[\"controller\"][\"history\"][\"_buf\"][0][\"hands\"][0][\"pointables\"][3][\"mcpPosition\"]"},{"$ref":"$[\"controller\"][\"history\"][\"_buf\"][0][\"hands\"][0][\"pointables\"][3][\"pipPosition\"]"},{"$ref":"$[\"controller\"][\"history\"][\"_buf\"][0][\"hands\"][0][\"pointables\"][3][\"dipPosition\"]"},{"$ref":"$[\"controller\"][\"history\"][\"_buf\"][0][\"hands\"][0][\"pointables\"][3][\"tipPosition\"]"}],"metacarpal":{"finger":{"$ref":"$[\"controller\"][\"history\"][\"_buf\"][0][\"hands\"][0][\"pointables\"][3]"},"_center":null,"_matrix":null,"type":0,"prevJoint":{"$ref":"$[\"controller\"][\"history\"][\"_buf\"][0][\"hands\"][0][\"pointables\"][3][\"carpPosition\"]"},"nextJoint":{"$ref":"$[\"controller\"][\"history\"][\"_buf\"][0][\"hands\"][0][\"pointables\"][3][\"mcpPosition\"]"},"width":15.397,"length":56.33613973069152,"basis":[[-0.604841,-0.55609,0.570028],[-0.453821,0.828891,0.327086],[0.65438,0.0608554,0.753713]]},"proximal":{"finger":{"$ref":"$[\"controller\"][\"history\"][\"_buf\"][0][\"hands\"][0][\"pointables\"][3]"},"_center":null,"_matrix":null,"type":1,"prevJoint":{"$ref":"$[\"controller\"][\"history\"][\"_buf\"][0][\"hands\"][0][\"pointables\"][3][\"mcpPosition\"]"},"nextJoint":{"$ref":"$[\"controller\"][\"history\"][\"_buf\"][0][\"hands\"][0][\"pointables\"][3][\"pipPosition\"]"},"width":15.397,"length":38.22933458147552,"basis":[[-0.486525,-0.538007,0.688362],[-0.336922,0.842495,0.42034],[0.806087,0.0274184,0.591161]]},"medial":{"finger":{"$ref":"$[\"controller\"][\"history\"][\"_buf\"][0][\"hands\"][0][\"pointables\"][3]"},"_center":null,"_matrix":null,"type":2,"prevJoint":{"$ref":"$[\"controller\"][\"history\"][\"_buf\"][0][\"hands\"][0][\"pointables\"][3][\"pipPosition\"]"},"nextJoint":{"$ref":"$[\"controller\"][\"history\"][\"_buf\"][0][\"hands\"][0][\"pointables\"][3][\"dipPosition\"]"},"width":15.397,"length":23.702636745729375,"basis":[[-0.486525,-0.538007,0.688362],[-0.631297,0.761151,0.148705],[0.603952,0.362212,0.709961]]},"distal":{"finger":{"$ref":"$[\"controller\"][\"history\"][\"_buf\"][0][\"hands\"][0][\"pointables\"][3]"},"_center":null,"_matrix":null,"type":3,"prevJoint":{"$ref":"$[\"controller\"][\"history\"][\"_buf\"][0][\"hands\"][0][\"pointables\"][3][\"dipPosition\"]"},"nextJoint":[-79.7627,140.798,-42.112],"width":15.397,"length":15.987081582327642,"basis":[[-0.486525,-0.538007,0.688362],[-0.790613,0.606411,-0.0848392],[0.371786,0.585504,0.720389]]},"bones":[{"$ref":"$[\"controller\"][\"history\"][\"_buf\"][0][\"hands\"][0][\"pointables\"][3][\"metacarpal\"]"},{"$ref":"$[\"controller\"][\"history\"][\"_buf\"][0][\"hands\"][0][\"pointables\"][3][\"proximal\"]"},{"$ref":"$[\"controller\"][\"history\"][\"_buf\"][0][\"hands\"][0][\"pointables\"][3][\"medial\"]"},{"$ref":"$[\"controller\"][\"history\"][\"_buf\"][0][\"hands\"][0][\"pointables\"][3][\"distal\"]"}],"frame":{"$ref":"$[\"controller\"][\"history\"][\"_buf\"][0]"}},{"valid":true,"id":1234,"handId":123,"length":43.2187,"tool":false,"width":13.6768,"direction":[-0.769061,-0.377328,-0.515915],"stabilizedTipPosition":[-83.9,133.157,-3.19936],"tipPosition":[-86.3756,137.287,-1.18375],"tipVelocity":[149.652,-260.793,-110.875],"touchZone":"hovering","touchDistance":0.339695,"timeVisible":3.14538,"dipPosition":[-77.7447,139.207,3.63413],"pipPosition":[-64.8743,145.522,12.2681],"mcpPosition":[-36.6481,148.946,22.607],"carpPosition":[2.78804,152.849,56.5062],"extended":true,"type":4,"finger":true,"positions":[{"$ref":"$[\"controller\"][\"history\"][\"_buf\"][0][\"hands\"][0][\"pointables\"][4][\"carpPosition\"]"},{"$ref":"$[\"controller\"][\"history\"][\"_buf\"][0][\"hands\"][0][\"pointables\"][4][\"mcpPosition\"]"},{"$ref":"$[\"controller\"][\"history\"][\"_buf\"][0][\"hands\"][0][\"pointables\"][4][\"pipPosition\"]"},{"$ref":"$[\"controller\"][\"history\"][\"_buf\"][0][\"hands\"][0][\"pointables\"][4][\"dipPosition\"]"},{"$ref":"$[\"controller\"][\"history\"][\"_buf\"][0][\"hands\"][0][\"pointables\"][4][\"tipPosition\"]"}],"metacarpal":{"finger":{"$ref":"$[\"controller\"][\"history\"][\"_buf\"][0][\"hands\"][0][\"pointables\"][4]"},"_center":null,"_matrix":null,"type":0,"prevJoint":{"$ref":"$[\"controller\"][\"history\"][\"_buf\"][0][\"hands\"][0][\"pointables\"][4][\"carpPosition\"]"},"nextJoint":{"$ref":"$[\"controller\"][\"history\"][\"_buf\"][0][\"hands\"][0][\"pointables\"][4][\"mcpPosition\"]"},"width":13.6768,"length":52.14976805067881,"basis":[[-0.441684,-0.67457,0.591498],[-0.482764,0.734407,0.477059],[0.75621,0.0748441,0.650034]]},"proximal":{"finger":{"$ref":"$[\"controller\"][\"history\"][\"_buf\"][0][\"hands\"][0][\"pointables\"][4]"},"_center":null,"_matrix":null,"type":1,"prevJoint":{"$ref":"$[\"controller\"][\"history\"]