"Frame Info:<br/>Frame [ id:1042193 | timestamp:12648374685 | Hand count:(1) | Pointable count:(5) | Gesture count:(3) ]<br/><br/>Hands:<br/>  Hand (left) [ id: 119 | palm velocity:24.253,-233.411,27.0589 | sphere center:-5.06868,153.977,-31.2612 ] <br/><br/><br/>Pointables:<br/>  Finger [ id:1190 49.157mmx | width:18.5701mm | direction:0.287096,0.494688,-0.82028 ]<br/>  Finger [ id:1191 55.4682mmx | width:17.7381mm | direction:-0.142464,-0.511058,-0.847658 ]<br/>  Finger [ id:1192 63.2016mmx | width:17.4212mm | direction:-0.276194,-0.204434,-0.939108 ]<br/>  Finger [ id:1193 60.77mmx | width:16.5774mm | direction:-0.497939,0.0670618,-0.864615 ]<br/>  Finger [ id:1194 47.6426mmx | width:14.7253mm | direction:-0.731506,0.174553,-0.659113 ]<br/><br/><br/>Gestures:<br/>  CircleGesture [{\"center\":[-66.4101,184.916,-43.4872],\"normal\":[-0.176553,-0.248516,-0.952402],\"progress\":0.827136,\"radius\":18.9471,\"id\":3,\"handIds\":[119],\"pointableIds\":[1193],\"duration\":0,\"state\":\"start\",\"type\":\"circle\"}]<br/>  CircleGesture [{\"center\":[-66.4101,184.916,-43.4872],\"normal\":[-0.176553,-0.248516,-0.952402],\"progress\":0.827136,\"radius\":18.9471,\"id\":3,\"handIds\":[119],\"pointableIds\":[1193],\"duration\":0,\"state\":\"start\",\"type\":\"circle\"}]<br/>  CircleGesture [{\"center\":[-66.4101,184.916,-43.4872],\"normal\":[-0.176553,-0.248516,-0.952402],\"progress\":0.827136,\"radius\":18.9471,\"id\":3,\"handIds\":[119],\"pointableIds\":[1193],\"duration\":0,\"state\":\"stop\",\"type\":\"circle\"}]<br/><br/><br/>Raw JSON:<br/>{\"currentFrameRate\":108.71,\"devices\":[],\"gestures\":[],\"hands\":[{\"armBasis\":[[-0.990246,0.120904,0.0692412],[0.138637,0.805608,0.576],[-0.0138597,-0.579981,0.814512]],\"armWidth\":59.3466,\"confidence\":1,\"direction\":[-0.336882,0.448237,-0.828006],\"elbow\":[17.5762,29.9109,303.505],\"grabAngle\":0.645039,\"grabStrength\":0,\"id\":119,\"palmNormal\":[-0.085013,-0.890299,-0.447371],\"palmPosition\":[6.75969,211.981,26.6477],\"palmVelocity\":[24.253,-233.411,27.0589],\"palmWidth\":87.7483,\"pinchDistance\":66.7887,\"pinchStrength\":0,\"r\":[[0.479742,-0.811768,0.332987],[0.146282,-0.300201,-0.942593],[0.86513,0.500911,-0.0252715]],\"s\":1.51858,\"sphereCenter\":[-5.06868,153.977,-31.2612],\"sphereRadius\":90.2915,\"stabilizedPalmPosition\":[6.69222,212.56,26.5736],\"t\":[-144.024,-16.3772,-70.1194],\"timeVisible\":1.23814,\"type\":\"left\",\"wrist\":[21.1835,180.867,91.506]}],\"id\":1042193,\"interactionBox\":{\"center\":[0,200,0],\"size\":[235.247,235.247,147.751]},\"pointables\":[{\"bases\":[[[-0.367027,0.851452,0.374593],[0.924148,0.287864,0.251166],[-0.106024,-0.438364,0.892522]],[[-0.36794,0.847589,0.382379],[0.865325,0.161599,0.474445],[-0.340342,-0.50545,0.792899]],[[-0.36794,0.847589,0.382379],[0.884419,0.192034,0.425354],[-0.287096,-0.494688,0.82028]],[[-0.36794,0.847589,0.382379],[0.836945,0.122703,0.533355],[-0.405147,-0.516273,0.754532]]],\"btipPosition\":[78.3092,234.853,-18.3092],\"carpPosition\":[43.7555,183.225,62.8811],\"dipPosition\":[69.3657,223.456,-1.65316],\"direction\":[0.287096,0.494688,-0.82028],\"extended\":true,\"handId\":119,\"id\":1190,\"length\":49.157,\"mcpPosition\":[43.7555,183.225,62.8811],\"pipPosition\":[60.1328,207.547,24.7267],\"stabilizedTipPosition\":[76.1772,232.731,-14.5249],\"timeVisible\":1.23814,\"tipPosition\":[79.5723,235.124,-10.2299],\"tipVelocity\":[30.7291,-234.226,17.7607],\"tool\":false,\"touchDistance\":0.346575,\"touchZone\":\"hovering\",\"type\":0,\"width\":18.5701},{\"bases\":[[[-0.980952,-0.00391983,0.194209],[0.0581636,0.947997,0.312919],[0.185336,-0.318255,0.929712]],[[-0.986848,0.00724156,0.161491],[-0.00959502,0.994611,-0.103234],[0.161368,0.103426,0.98146]],[[-0.986848,0.00724156,0.161491],[-0.0763929,0.859516,-0.505368],[0.142464,0.511058,0.847658]],[[-0.986848,0.00724156,0.161491],[-0.103789,0.737513,-0.66731],[0.123934,0.675295,0.727061]]],\"btipPosition\":[9.66402,199.851,-71.3481],\"carpPosition\":[34.5976,203.997,65.4269],\"dipPosition\":[11.6613,210.734,-59.6312],\"direction\":[-0.142464,-0.511058,-0.847658],\"extended\":true,\"handId\":119,\"id\":1191,\"length\":55.4682,\"mcpPosition\":[21.4483,226.576,-0.534778],\"pipPosition\":[14.9092,222.385,-40.3063],\"stabilizedTipPosition\":[10.127,202.633,-68.6711],\"timeVisible\":1.23814,\"tipPosition\":[11.9434,195.061,-62.2361],\"tipVelocity\":[-6.1976,-229.552,13.601],\"tool\":false,\"touchDistance\":0.306395,\"touchZone\":\"hovering\",\"type\":1,\"width\":17.7381},{\"bases\":[[[-0.94234,-0.208434,0.261821],[-0.10446,0.926469,0.361583],[0.317936,-0.313384,0.894822]],[[-0.919369,-0.22861,0.320155],[-0.160969,0.961181,0.224097],[0.358957,-0.154493,0.920479]],[[-0.919369,-0.22861,0.320155],[-0.28014,0.951811,-0.12481],[0.276194,0.204434,0.939108]],[[-0.919369,-0.22861,0.320155],[-0.332445,0.886607,-0.321572],[0.210337,0.402077,0.891119]]],\"btipPosition\":[-25.7746,221.187,-75.3467],\"carpPosition\":[23.0725,205.688,67.6906],\"dipPosition\":[-22.0464,228.313,-59.5517],\"direction\":[-0.276194,-0.204434,-0.939108],\"extended\":true,\"handId\":119,\"id\":1192,\"length\":63.2016,\"mcpPosition\":[1.68102,226.773,7.48487],\"pipPosition\":[-14.6384,233.797,-34.3633],\"stabilizedTipPosition\":[-24.9244,223.047,-71.739],\"timeVisible\":1.23814,\"tipPosition\":[-21.7359,215.376,-70.4676],\"tipVelocity\":[6.36473,-245.991,27.8023],\"tool\":false,\"touchDistance\":0.352054,\"touchZone\":\"hovering\",\"type\":2,\"width\":17.4212},{\"bases\":[[[-0.874708,-0.321523,0.36264],[-0.161331,0.898748,0.407706],[0.457009,-0.298119,0.838014]],[[-0.823105,-0.350461,0.44685],[-0.144056,0.889979,0.43265],[0.549314,-0.291745,0.783032]],[[-0.823105,-0.350461,0.44685],[-0.273047,0.934173,0.229707],[0.497939,-0.0670618,0.864615]],[[-0.823105,-0.350461,0.44685],[-0.369428,0.928051,0.0473701],[0.431301,0.126088,0.893354]]],\"btipPosition\":[-59.7404,234.118,-51.5787],\"carpPosition\":[11.6277,204.284,70.3785],\"dipPosition\":[-52.1396,236.34,-35.835],\"direction\":[-0.497939,0.0670618,-0.864615],\"extended\":true,\"handId\":119,\"id\":1193,\"length\":60.77,\"mcpPosition\":[-15.9794,222.293,19.7555],\"pipPosition\":[-39.1289,234.588,-13.2435],\"stabilizedTipPosition\":[-58.0186,235.439,-48.1],\"timeVisible\":1.23814,\"tipPosition\":[-57.3985,230.052,-49.8162],\"tipVelocity\":[3.49622,-221.246,37.442],\"tool\":false,\"touchDistance\":0.363969,\"touchZone\":\"hovering\",\"type\":3,\"width\":16.5774},{\"bases\":[[[-0.777174,-0.497916,0.384811],[-0.254403,0.807906,0.531571],[0.575569,-0.315226,0.754555]],[[-0.625457,-0.556678,0.546729],[-0.125452,0.763334,0.633706],[0.770107,-0.327768,0.547269]],[[-0.625457,-0.556678,0.546729],[-0.27148,0.812183,0.516389],[0.731506,-0.174553,0.659113]],[[-0.625457,-0.556678,0.546729],[-0.496006,0.82457,0.272145],[0.602314,0.100966,0.791849]]],\"btipPosition\":[-80.1222,226.076,-12.5882],\"carpPosition\":[1.03472,195.939,72.8915],\"dipPosition\":[-70.3298,227.718,0.285694],\"direction\":[-0.731506,0.174553,-0.659113],\"extended\":true,\"handId\":119,\"id\":1194,\"length\":47.6426,\"mcpPosition\":[-31.1507,213.566,30.6973],\"pipPosition\":[-56.8348,224.498,12.4451],\"stabilizedTipPosition\":[-77.8899,227.662,-9.92858],\"timeVisible\":1.23814,\"tipPosition\":[-79.8148,228.334,-8.73408],\"tipVelocity\":[-0.425854,-209.559,51.2888],\"tool\":false,\"touchDistance\":0.356863,\"touchZone\":\"hovering\",\"type\":4,\"width\":14.7253}],\"r\":[[0.479742,-0.811768,0.332987],[0.146282,-0.300201,-0.942593],[0.86513,0.500911,-0.0252715]],\"s\":1.51858,\"t\":[-144.024,-16.3772,-70.1194],\"timestamp\":12648374685}"